"Id","SalePrice"
1461,133704.747058103
1462,171416.370948458
1463,190009.468698916
1464,199784.539251581
1465,192580.032280228
1466,174092.628668888
1467,174414.114303852
1468,164844.22627478
1469,185253.327824879
1470,121870.255783014
1471,194470.612887299
1472,98874.8613375143
1473,98457.60727109
1474,153794.68454385
1475,126785.532007463
1476,376349.04143719
1477,268196.092014224
1478,306386.497531204
1479,309129.906067773
1480,423074.470168432
1481,321336.76252721
1482,215398.41012356
1483,195179.187547227
1484,166895.665399127
1485,169061.143796705
1486,199056.708294431
1487,342813.189287565
1488,260885.773922193
1489,202368.989257352
1490,219009.273925145
1491,203108.356186084
1492,84929.9760405305
1493,184096.034226791
1494,283477.615156324
1495,285574.514464281
1496,223654.013988833
1497,188954.835771119
1498,158193.026096455
1499,157564.388294252
1500,149658.158140786
1501,167262.017825729
1502,145048.683064852
1503,291441.315002405
1504,231186.15567411
1505,218345.611911259
1506,193239.23616755
1507,253279.902085833
1508,203192.858561457
1509,157168.365870951
1510,146913.162243779
1511,140046.57280123
1512,169508.427669551
1513,144379.583049606
1514,167732.898669007
1515,204469.36747135
1516,152042.170056999
1517,164736.966379936
1518,148854.190359331
1519,211759.706592128
1520,128756.150755524
1521,136523.159805505
1522,160319.050523701
1523,121838.50686683
1524,130915.830057887
1525,127233.977315835
1526,117582.561245352
1527,107337.786723186
1528,141613.334154552
1529,150455.096475105
1530,180119.950134722
1531,98722.1853668126
1532,89404.6110551761
1533,148516.93283802
1534,128013.496412964
1535,157109.184343874
1536,122452.653689222
1537,89146.989616637
1538,155721.93680351
1539,189808.136661723
1540,108868.146339983
1541,158069.772634073
1542,155884.016031584
1543,189922.076360185
1544,87766.1312979307
1545,115668.957670749
1546,125150.362297243
1547,134350.739826256
1548,140926.662642238
1549,121514.946750772
1550,125760.17168159
1551,104705.98997227
1552,140602.795480613
1553,149584.244997364
1554,115977.975374438
1555,164682.828241027
1556,96372.513776754
1557,102757.874656152
1558,93408.0481737565
1559,115025.761833802
1560,128684.649604648
1561,145131.846853872
1562,129053.000074265
1563,111487.021297524
1564,154038.689037813
1565,145818.780692056
1566,239773.052791213
1567,73976.7943715275
1568,225282.731353472
1569,151794.988384742
1570,127832.635567098
1571,110728.002058461
1572,152479.818751656
1573,222930.816213347
1574,130171.984377732
1575,200681.381131548
1576,239239.001140391
1577,183273.402832288
1578,135631.977841129
1579,152110.10745165
1580,190512.542716274
1581,166151.078448926
1582,121305.747865048
1583,302877.976734447
1584,232653.614316358
1585,137027.139952773
1586,76770.0042812061
1587,98191.6765840857
1588,147403.363346502
1589,100437.139766332
1590,140807.862615919
1591,100850.887321537
1592,121932.655757217
1593,108567.607816169
1594,160680.790191272
1595,118586.316104782
1596,222276.034441404
1597,205280.300169905
1598,214214.556771979
1599,168864.848411736
1600,174565.078877778
1601,79871.5786438952
1602,108532.057037702
1603,96130.7116126444
1604,259801.4262588
1605,242285.832128919
1606,181254.07493075
1607,213113.525187074
1608,216308.931472543
1609,188270.449557239
1610,159334.63137674
1611,143149.052268231
1612,200139.433725287
1613,188023.631542959
1614,114902.235866572
1615,96084.3675575087
1616,80250.0834067184
1617,102107.162758402
1618,125083.910863379
1619,146429.80026399
1620,206147.314876814
1621,148106.777215598
1622,141566.58674121
1623,240310.959406821
1624,217015.321495674
1625,129236.884165839
1626,166088.411328213
1627,186332.59445062
1628,261424.634185107
1629,163868.490403684
1630,330313.283856439
1631,220135.625038073
1632,243238.598260704
1633,160026.293728578
1634,182157.234156748
1635,164631.575246422
1636,154728.357473847
1637,200181.879349176
1638,205068.875355535
1639,192140.870214221
1640,252613.917349603
1641,173357.747601297
1642,230551.412463465
1643,230220.496187771
1644,230236.550367252
1645,178906.477646852
1646,148243.034454211
1647,154923.262457679
1648,139911.353336925
1649,140099.738510139
1650,118592.539022354
1651,137272.313304876
1652,98962.6291585099
1653,105558.051547065
1654,141590.089591168
1655,139117.770233643
1656,142882.47163377
1657,142946.115579978
1658,147918.62714557
1659,128734.56372093
1660,153718.377891735
1661,404266.769643403
1662,359222.150854581
1663,352686.893535343
1664,403729.089178908
1665,327420.492142591
1666,306881.526733976
1667,363607.00440703
1668,326198.097447183
1669,289721.019400184
1670,332248.880863574
1671,254463.320891488
1672,378409.105862529
1673,306753.617905971
1674,273238.077449299
1675,201072.911486552
1676,200536.64252283
1677,211221.121438291
1678,397079.287610361
1679,355914.042479445
1680,322615.647906383
1681,265064.411186441
1682,297698.312955629
1683,200936.179211299
1684,182383.496195637
1685,174690.767379537
1686,173454.977222992
1687,168754.49382541
1688,194327.840954913
1689,196258.129378966
1690,180748.850152538
1691,169479.702372144
1692,251117.058507599
1693,162520.277240016
1694,168583.823911796
1695,156556.822577384
1696,274542.661587906
1697,165160.511351436
1698,339014.365104198
1699,298493.355615579
1700,245283.541368996
1701,264169.275996238
1702,275652.297764059
1703,266401.948111035
1704,262587.573231022
1705,234598.535574859
1706,368457.951973054
1707,223783.102197541
1708,212009.344896329
1709,273999.456690222
1710,219391.662822094
1711,261854.421466606
1712,259358.524594149
1713,263388.257994258
1714,222801.614562305
1715,205676.183720112
1716,189495.987156159
1717,174310.046193935
1718,147455.293565865
1719,209931.839106748
1720,248409.237868913
1721,184432.016703164
1722,145677.304751876
1723,161143.376678397
1724,225058.389006712
1725,222500.334411134
1726,191515.038781243
1727,175976.168818187
1728,183562.652243101
1729,169064.464175519
1730,152882.130882154
1731,114136.615678119
1732,122864.113335036
1733,111341.16902964
1734,119181.795355049
1735,129430.632191608
1736,115720.315917225
1737,301235.951816736
1738,236568.151208355
1739,288083.601681202
1740,235697.203701498
1741,187074.049627117
1742,168497.405775796
1743,167621.704367573
1744,277338.062465272
1745,245017.888786409
1746,208309.529702916
1747,217929.101042256
1748,237507.335218916
1749,152660.61508171
1750,135435.362029518
1751,223490.09478897
1752,115992.14071834
1753,168825.335375126
1754,194452.249254624
1755,163537.297311864
1756,117667.804465852
1757,119764.528190834
1758,147668.512966134
1759,154001.561182847
1760,176168.67284901
1761,140016.341655462
1762,184799.295839731
1763,168036.217953275
1764,115561.151046093
1765,193170.334213415
1766,169356.118914387
1767,209102.593709448
1768,143220.000816167
1769,168553.197030533
1770,147261.037549438
1771,134937.258872639
1772,151619.618333824
1773,126961.677265505
1774,156154.859610474
1775,134677.201591391
1776,116254.314901085
1777,104203.63813343
1778,137658.237931413
1779,114632.333458299
1780,173833.363467443
1781,134031.32759308
1782,98845.983613543
1783,160264.667734055
1784,109173.434383105
1785,120698.386112126
1786,139964.800185502
1787,162138.463581787
1788,76631.8097450916
1789,94628.4589310398
1790,81421.585446173
1791,213515.848850708
1792,165647.881003514
1793,131335.194881071
1794,141686.092829846
1795,133505.290024752
1796,110633.51099491
1797,114180.519653094
1798,133602.965575826
1799,108643.951724782
1800,125441.321512474
1801,146174.612629245
1802,133149.49168699
1803,158345.729192108
1804,139932.93354625
1805,129267.837438581
1806,124617.988968494
1807,114566.443004856
1808,119569.80919315
1809,120404.014393706
1810,129141.888117659
1811,109468.264044125
1812,102254.762584661
1813,126890.307601139
1814,92944.5242334759
1815,63172.5259919506
1816,100833.207878516
1817,123879.795575345
1818,164345.515120449
1819,137916.304295964
1820,61529.6003512598
1821,101977.437786965
1822,157507.132224162
1823,48156.648435855
1824,121218.447948451
1825,133521.168739069
1826,103142.327081572
1827,108723.995393478
1828,131466.04953014
1829,122837.584863466
1830,139939.206985052
1831,156801.471714964
1832,110773.628544709
1833,136184.134695961
1834,128502.937615291
1835,131029.264448373
1836,135034.57474711
1837,92389.8339329888
1838,133842.324398415
1839,101347.812201482
1840,133306.429493817
1841,129474.693171027
1842,84726.5827906741
1843,140698.943400905
1844,123445.461383048
1845,141161.574404188
1846,150333.465541122
1847,177327.280834583
1848,78877.3555649015
1849,112405.0845695
1850,122450.816854773
1851,152737.076582155
1852,123978.644203312
1853,126352.202095037
1854,181117.432575469
1855,174233.754739556
1856,221316.047675491
1857,163740.622265672
1858,148683.605508052
1859,112828.992341195
1860,142127.217030391
1861,111918.09110024
1862,268515.727842588
1863,262973.025255381
1864,263025.808579507
1865,324270.906692334
1866,310056.84166639
1867,246816.172204363
1868,267470.792443028
1869,193217.494775273
1870,223886.753858463
1871,257811.996022276
1872,176437.936263783
1873,236898.86273627
1874,150832.240972635
1875,199731.831279112
1876,191184.343091509
1877,205136.755088149
1878,203325.999454785
1879,133970.944077495
1880,130468.224868541
1881,261186.281852808
1882,253701.625149125
1883,199759.197587883
1884,222142.010352401
1885,225630.272448654
1886,262315.619068548
1887,188984.908448612
1888,244306.99721757
1889,175081.401486826
1890,125764.430542267
1891,135759.752665252
1892,101092.343725342
1893,138384.10231297
1894,146546.73755657
1895,136564.242630527
1896,113000.729281159
1897,103591.651477969
1898,118609.376004943
1899,152882.396939179
1900,139776.488961615
1901,158333.578197
1902,163630.737586452
1903,195203.545892686
1904,151926.422249881
1905,189386.831655799
1906,178336.233091815
1907,196003.913190274
1908,119226.234643822
1909,137510.547278937
1910,132321.719785959
1911,213767.030326784
1912,305394.658672518
1913,152705.156093314
1914,75356.8809395529
1915,283204.625640634
1916,82073.0993684061
1917,257185.420751384
1918,139819.893887194
1919,169017.790203626
1920,183127.424468143
1921,346269.341501786
1922,303167.576591607
1923,220677.948619425
1924,221825.317026028
1925,216350.24798685
1926,346263.144243146
1927,138463.689921411
1928,156939.007837081
1929,124686.882390071
1930,135498.188347613
1931,141257.614324739
1932,146970.342581366
1933,185211.53535576
1934,180698.552455078
1935,163820.774608809
1936,182530.164164679
1937,186515.840786966
1938,176046.977242223
1939,256773.175596581
1940,192670.365265586
1941,179919.345248287
1942,182925.229372533
1943,197174.520871678
1944,332430.515932476
1945,333554.425585106
1946,193531.904598136
1947,293261.311531614
1948,209870.832464114
1949,231416.340980038
1950,184276.611695148
1951,245489.5070679
1952,228434.791480554
1953,153399.562472134
1954,197674.691819953
1955,144250.368337063
1956,298148.902967246
1957,166438.776249528
1958,281188.036673578
1959,144867.164971444
1960,123171.100566922
1961,118861.713960372
1962,98983.2268767928
1963,110216.503711862
1964,109798.989234577
1965,147074.004962316
1966,147310.115682277
1967,296540.147909972
1968,378369.497325321
1969,338912.441638212
1970,388913.21056629
1971,380929.922771864
1972,353781.875688344
1973,275014.884229008
1974,314790.86641433
1975,376023.580786078
1976,262275.366958568
1977,345532.367890765
1978,369023.143393413
1979,318354.681667562
1980,207600.681775378
1981,338272.15674862
1982,214440.630390672
1983,214440.630390672
1984,178777.369764829
1985,211814.357254428
1986,216336.712204087
1987,183437.822691162
1988,177765.786973783
1989,194771.880502539
1990,209874.537571312
1991,217187.710027144
1992,206191.621341816
1993,173517.107422977
1994,234193.663448014
1995,183657.521456314
1996,245334.457555519
1997,330469.009011415
1998,306450.813591049
1999,257706.006400304
2000,308008.315807008
2001,267110.839116583
2002,248801.340604041
2003,278853.024452125
2004,263224.656136224
2005,230997.459872725
2006,225468.218191843
2007,258545.987782628
2008,197208.19850705
2009,197718.737655607
2010,204646.591416643
2011,151088.591454339
2012,173865.538583432
2013,179984.228840998
2014,186446.845465461
2015,199831.87962136
2016,192995.404559108
2017,192836.331422767
2018,123485.923753743
2019,131698.437466885
2020,99644.8547608171
2021,100506.676601904
2022,187375.00852634
2023,143616.170809098
2024,249034.67367351
2025,343123.883626481
2026,184480.059002894
2027,152835.860914861
2028,156818.819161257
2029,160047.221364587
2030,250729.296883251
2031,229853.776583201
2032,248218.015739681
2033,236673.959098457
2034,163080.105864224
2035,207898.532083776
2036,191694.360553904
2037,193209.888455419
2038,269402.70328447
2039,214535.030137822
2040,295684.446195356
2041,264867.838195812
2042,209994.892068864
2043,176306.413975168
2044,184810.832557796
2045,202335.705528542
2046,159548.664929469
2047,154115.929351151
2048,142193.933433381
2049,167658.634838129
2050,177064.346765057
2051,94358.5826991439
2052,124497.707697163
2053,154026.057519389
2054,101886.955324614
2055,163427.648231485
2056,129350.416088106
2057,117758.543279547
2058,222595.428039616
2059,120378.707377227
2060,169388.123352662
2061,179084.160317251
2062,129861.10892453
2063,117744.008453806
2064,141019.731867679
2065,111883.030946928
2066,161817.306588939
2067,127007.104793287
2068,163663.590667061
2069,82916.9038446487
2070,102814.97918857
2071,93902.7096152276
2072,138015.57714856
2073,135482.455211963
2074,180320.711533179
2075,143693.136233888
2076,119994.004044453
2077,157439.413292763
2078,130164.867227808
2079,131899.444057553
2080,126774.42573455
2081,122334.747523515
2082,155198.304885924
2083,143597.263932222
2084,117760.778220457
2085,124502.291758534
2086,110830.754073862
2087,136663.526839314
2088,100865.967215059
2089,77260.3611352748
2090,143001.611907294
2091,115352.871114873
2092,136666.708591453
2093,122691.250999139
2094,114352.249411815
2095,138294.948682868
2096,69564.0441368671
2097,94090.7545334539
2098,146812.28824834
2099,64750.4650683082
2100,123163.647408338
2101,126670.7297509
2102,120632.46827194
2103,95564.0380539083
2104,156749.575461923
2105,129815.035516381
2106,108703.953953922
2107,202424.560463431
2108,123764.803019723
2109,125507.819493361
2110,131015.551168507
2111,151969.603227633
2112,134436.086846386
2113,128009.77071204
2114,120350.160913564
2115,162024.972735746
2116,114827.91007476
2117,162043.127916597
2118,115253.193515852
2119,116449.249466534
2120,117857.630807517
2121,96532.6615622207
2122,113725.787180392
2123,83762.2588315681
2124,155115.187249785
2125,137200.490373755
2126,147920.929410998
2127,167946.779239659
2128,118327.091731679
2129,102435.618033178
2130,140315.778520783
2131,132089.167516699
2132,114259.579465278
2133,118414.892473464
2134,116603.242709848
2135,95873.9674922791
2136,86818.737175445
2137,115823.438906959
2138,134061.582866
2139,153074.980388016
2140,140436.466403259
2141,131592.947455013
2142,129159.598471271
2143,148923.178673346
2144,115386.397819865
2145,137205.261169965
2146,151767.841234443
2147,136874.602188255
2148,140826.866560391
2149,155505.290130145
2150,204956.874771653
2151,111558.265589554
2152,167144.792076702
2153,161414.705268376
2154,94975.203830218
2155,144976.939072782
2156,257103.09918026
2157,222045.035059743
2158,223707.717527903
2159,206932.4534748
2160,180661.515392574
2161,255667.152449721
2162,340666.72651166
2163,331866.085132733
2164,243718.338738768
2165,176501.182230525
2166,151283.116573621
2167,196618.975717917
2168,200160.227803862
2169,192130.60372863
2170,218972.956716828
2171,151322.785288637
2172,138567.41933354
2173,176610.395063241
2174,242675.697663736
2175,274932.390419633
2176,286986.948950643
2177,247572.61152535
2178,214945.99605915
2179,136613.982551829
2180,234950.388941806
2181,197060.589028628
2182,240237.466545392
2183,196560.860816046
2184,122329.721958435
2185,114482.135754794
2186,141201.336451854
2187,158363.231313913
2188,160615.070316895
2189,284753.782500988
2190,67964.7833006047
2191,74614.0080649597
2192,79004.7506813949
2193,120916.866868924
2194,102840.14442646
2195,109467.129519302
2196,118112.749455527
2197,128898.637856546
2198,139451.904638463
2199,157217.38891121
2200,139098.211302637
2201,145869.904212615
2202,186412.01924951
2203,138784.053259403
2204,177825.020212024
2205,125800.304911499
2206,131299.686647741
2207,186841.377977374
2208,220506.134749986
2209,230788.537224575
2210,118468.157033532
2211,108517.856971948
2212,124150.415285018
2213,106016.037594796
2214,140016.022724849
2215,99547.5316467172
2216,156781.833412252
2217,95491.7657681048
2218,85360.3891508394
2219,85445.1361355963
2220,107022.434810604
2221,285247.376934258
2222,256799.721695342
2223,293264.52939442
2224,228271.694818439
2225,120296.60509729
2226,200624.931115088
2227,188228.61883859
2228,257149.4572579
2229,230358.9824886
2230,159677.201377591
2231,216446.203054568
2232,193724.916723062
2233,190332.831937739
2234,227076.611161458
2235,227401.837197519
2236,245766.655214814
2237,305053.21183019
2238,184167.219037584
2239,132224.889625832
2240,164218.021973325
2241,156453.281667527
2242,129353.875989807
2243,123792.645237052
2244,113815.303185723
2245,105680.05617958
2246,149331.232239422
2247,108986.164429135
2248,126950.395386818
2249,121094.04515399
2250,131567.719340233
2251,183103.899524613
2252,183030.579141758
2253,149383.369088964
2254,164869.002476149
2255,184779.756346514
2256,174440.117170631
2257,221572.064067788
2258,160700.060899719
2259,176145.88004788
2260,156636.930347229
2261,183076.235300827
2262,202232.235994268
2263,339853.956161566
2264,417678.072890544
2265,210515.668794233
2266,272216.065652784
2267,341431.941395948
2268,348188.920765317
2269,158854.874635123
2270,195951.868439099
2271,202783.273059601
2272,188654.518318604
2273,166155.869674415
2274,174687.406267599
2275,178052.405425534
2276,186617.20038167
2277,186155.160585601
2278,155196.542927716
2279,135232.233008203
2280,131285.17046968
2281,185018.42794101
2282,191171.565528155
2283,109538.326305329
2284,119369.208263644
2285,149244.918464258
2286,121481.913275774
2287,333911.998033833
2288,297527.160441174
2289,340186.499666479
2290,418845.873846009
2291,329086.415787893
2292,353295.06494053
2293,405891.77595173
2294,383876.987598608
2295,402653.100420569
2296,299284.00706432
2297,302108.585545813
2298,335385.899103627
2299,375492.622028728
2300,322062.80499971
2301,285359.331386017
2302,254948.699570272
2303,253740.469936042
2304,280716.741582916
2305,206988.390246266
2306,202024.459092494
2307,199855.387428464
2308,236730.633312512
2309,279246.02723219
2310,217206.654129735
2311,199479.105501561
2312,198412.998152425
2313,182584.486383413
2314,178452.478304243
2315,179185.957204546
2316,193031.29594977
2317,184861.094976924
2318,181171.424740446
2319,178890.485876071
2320,187861.984676678
2321,225883.231370605
2322,181755.899148942
2323,180399.083243823
2324,163379.257236582
2325,223845.711840941
2326,167478.367709751
2327,205566.222640016
2328,214172.885055137
2329,184210.16326729
2330,191392.464271692
2331,336855.911024485
2332,357840.963789079
2333,315672.987630073
2334,268621.736578845
2335,261813.624517092
2336,310410.506285177
2337,216330.218886006
2338,268231.190470947
2339,225870.366882747
2340,348333.033360153
2341,223925.415115228
2342,225699.786705865
2343,220380.105191442
2344,238839.678554531
2345,266204.461358655
2346,215067.559510535
2347,203229.371739529
2348,233567.744926025
2349,195997.474433268
2350,290454.253143694
2351,262547.616372982
2352,265290.952840949
2353,277750.716351425
2354,144482.793642618
2355,152692.314822341
2356,161035.465570505
2357,199500.64774308
2358,199547.928245435
2359,129692.916120389
2360,115535.499619274
2361,144804.729825747
2362,263558.249957499
2363,140148.920259375
2364,172744.790384191
2365,211971.953919164
2366,186085.452343222
2367,223235.699174755
2368,206607.538370179
2369,234318.872419
2370,158056.980705067
2371,170028.383857503
2372,202906.876202338
2373,253697.648448602
2374,300656.697072958
2375,228585.154821958
2376,276051.135481966
2377,317115.976401965
2378,142082.457344461
2379,209596.129579179
2380,140775.398650532
2381,156545.111770305
2382,192244.498848409
2383,210091.327582931
2384,237538.043611856
2385,148155.659948971
2386,124690.052859396
2387,140489.723306387
2388,94455.7556229878
2389,114432.338511361
2390,132455.935247765
2391,136448.307968407
2392,122254.855420447
2393,149354.195514481
2394,141054.890713133
2395,205846.346655782
2396,138764.062609836
2397,217059.719820361
2398,133213.485039109
2399,80009.0795780605
2400,76364.9145049461
2401,119779.180433261
2402,127476.884867627
2403,167943.168080078
2404,138301.036767706
2405,155626.298924674
2406,137290.418925984
2407,121298.161553614
2408,145035.305743509
2409,126535.866291708
2410,169866.1312296
2411,113816.346572673
2412,153640.211388672
2413,135245.804732548
2414,151310.815140401
2415,140765.251407659
2416,124222.475921926
2417,130984.389955259
2418,129172.703184794
2419,130995.239094883
2420,114868.522190705
2421,150926.38370233
2422,114206.192468774
2423,131971.720819699
2424,153882.52674821
2425,251386.399813292
2426,136640.705611197
2427,125536.495522102
2428,166782.660191862
2429,115270.470332446
2430,129438.111923226
2431,115694.928525279
2432,147802.362824097
2433,142828.807735766
2434,144217.883005029
2435,153449.014819487
2436,108620.339122165
2437,106917.840069823
2438,115305.248535489
2439,111462.002785816
2440,117468.062372984
2441,90046.7979360713
2442,91829.4228657687
2443,104016.434400606
2444,125246.685283936
2445,81255.0303879597
2446,142149.979655393
2447,180648.496334797
2448,132330.347744551
2449,105983.481440059
2450,143262.933612594
2451,130890.130779672
2452,180709.50268966
2453,94966.0702789249
2454,141259.458917105
2455,106979.407872026
2456,141906.662004971
2457,130842.898816928
2458,127960.884314064
2459,118463.567575082
2460,132200.693107495
2461,119702.791706376
2462,134199.102693995
2463,119151.993333738
2464,186257.125848032
2465,133913.493236968
2466,113148.455107276
2467,132725.830124794
2468,68193.7128533218
2469,77587.1871764025
2470,196584.977278468
2471,199405.103259916
2472,162895.880860015
2473,124249.108594886
2474,102702.352994735
2475,207753.734562141
2476,109517.444433052
2477,117786.667282788
2478,163813.441038634
2479,115426.848383687
2480,157839.610640815
2481,116090.091606889
2482,119088.332190233
2483,111905.243038916
2484,121986.478654308
2485,124498.368069687
2486,163522.687775338
2487,198344.805855814
2488,140106.778164522
2489,155250.640456898
2490,147162.002557528
2491,94739.1823922192
2492,174078.731346886
2493,144398.30098268
2494,158542.59699822
2495,107539.698859607
2496,233261.989885499
2497,158198.382289247
2498,110165.529747181
2499,84720.4069781208
2500,133263.183803823
2501,138167.431847498
2502,135772.969140725
2503,96145.7964085417
2504,208611.358606603
2505,207417.23247245
2506,268363.685542155
2507,328914.246112114
2508,269360.811283976
2509,236027.567912519
2510,223409.738767757
2511,180710.881447247
2512,211304.600774629
2513,204201.037977939
2514,233526.652639931
2515,152149.983147469
2516,173685.243951118
2517,146315.725479895
2518,161382.34401133
2519,219568.666923161
2520,199474.952937976
2521,196074.589151925
2522,210562.35894365
2523,116919.634885422
2524,135186.550881483
2525,152956.099703448
2526,144890.534101034
2527,118341.595933065
2528,125853.714975653
2529,138283.666082169
2530,128448.96621956
2531,231890.839875836
2532,217644.694805631
2533,204977.992394626
2534,215246.396286124
2535,285687.927331535
2536,229279.00519777
2537,220221.372100462
2538,185678.948625204
2539,181177.31523875
2540,185428.888427385
2541,184303.200414037
2542,175887.877788834
2543,123487.654541924
2544,127701.142491639
2545,126184.073092325
2546,141731.25720204
2547,136311.764587933
2548,164237.524460185
2549,164774.887647298
2550,383940.876409445
2551,137146.756733759
2552,135633.903564551
2553,67224.5118057325
2554,96628.6507133094
2555,109204.608184397
2556,100439.215902509
2557,101825.023991542
2558,152822.463055713
2559,136981.869929757
2560,142886.419219304
2561,138527.301641451
2562,128180.570907691
2563,149756.868613941
2564,185710.634016793
2565,128296.728813701
2566,159176.816531768
2567,130352.308358982
2568,200320.840446461
2569,203728.441718142
2570,118678.734096819
2571,238165.518454005
2572,153967.481946789
2573,220159.908562928
2574,264862.342247192
2575,130522.242039569
2576,133893.534344262
2577,159187.027276978
2578,93846.9296173334
2579,83952.4432470375
2580,131111.912331662
2581,129917.64626829
2582,116701.274597392
2583,253915.498978796
2584,169106.19218586
2585,207380.368075481
2586,208649.551792676
2587,186717.518009551
2588,144809.318454223
2589,144420.830350674
2590,199107.153376708
2591,208652.979700225
2592,226661.582543549
2593,242596.815579886
2594,184294.446564866
2595,211798.945688619
2596,283855.316824463
2597,201333.022289897
2598,271603.872199034
2599,325922.04809851
2600,200409.794070406
2601,159635.863128407
2602,88587.7222328015
2603,100295.976038002
2604,91959.1241938847
2605,89184.5339092522
2606,144130.265465335
2607,189535.209018544
2608,233788.677022739
2609,158290.569642999
2610,108953.636995965
2611,164794.273419419
2612,157379.123585709
2613,131340.546550373
2614,131072.569360438
2615,145925.725011733
2616,131750.645962109
2617,197884.567759604
2618,223894.013132842
2619,203407.595290987
2620,177970.863051903
2621,177739.938819921
2622,186183.579228983
2623,240151.637140582
2624,308097.467063266
2625,324778.125882386
2626,157928.363211678
2627,175816.623290267
2628,378618.572535602
2629,420748.316939154
2630,327181.514188622
2631,399814.746770905
2632,385575.55133253
2633,272738.401809607
2634,361167.679890882
2635,154847.383046116
2636,191406.087670499
2637,173131.883015427
2638,246120.056460247
2639,188855.939919687
2640,147977.371401275
2641,106007.749104766
2642,206861.550123471
2643,107744.372590692
2644,129808.984054672
2645,109820.412569748
2646,97183.3732360684
2647,103968.815959093
2648,134960.865067838
2649,150107.481526014
2650,148111.627330557
2651,142600.450766166
2652,382076.512029987
2653,271837.40615022
2654,288093.08498403
2655,351554.768926314
2656,314177.389983646
2657,329476.392023866
2658,309371.429041335
2659,311259.3152515
2660,354202.322457452
2661,335056.383269071
2662,325477.306327893
2663,290885.931703322
2664,274540.214643662
2665,321754.565354343
2666,285196.363487451
2667,175312.48986935
2668,184510.142441156
2669,192334.007088506
2670,272146.570574599
2671,185364.34703851
2672,185403.936228032
2673,192313.982168319
2674,191383.70888858
2675,169616.77769198
2676,191657.285240104
2677,194950.685620875
2678,275578.705399775
2679,268027.229061596
2680,276447.705465042
2681,364623.074782689
2682,311524.641014632
2683,399687.601841183
2684,300771.795396945
2685,317944.65132329
2686,271023.163289365
2687,295934.975453163
2688,233268.351642393
2689,209436.092871322
2690,391988.710633263
2691,205272.399732954
2692,149144.830686869
2693,212234.2623095
2694,154446.251075416
2695,200926.416845381
2696,188363.676504783
2697,201862.232563846
2698,185073.282049122
2699,179390.663132173
2700,162525.088820979
2701,158642.205879416
2702,113675.363842905
2703,143121.720611735
2704,140734.380192628
2705,118205.767406961
2706,119697.392176735
2707,121886.644098575
2708,135964.064053929
2709,99903.9809536625
2710,122387.93934606
2711,269092.918026259
2712,328021.369233754
2713,183851.899438938
2714,155358.091376515
2715,169051.337297658
2716,147765.467461479
2717,190518.380762982
2718,229652.883523531
2719,148473.736337762
2720,159346.107600765
2721,132830.19427648
2722,161777.297319769
2723,147841.541490404
2724,122566.887702333
2725,126768.313598612
2726,158702.346819255
2727,184052.768926895
2728,155750.055473389
2729,149516.441213317
2730,147332.94330532
2731,108503.867240799
2732,132012.899670568
2733,164195.271022215
2734,159150.699262536
2735,118405.788724846
2736,152282.783221459
2737,123673.39113658
2738,149271.171946195
2739,155527.317946606
2740,140715.469549145
2741,154738.695020285
2742,151019.053541205
2743,147728.625318054
2744,145297.561847817
2745,136113.132665648
2746,138402.354373053
2747,134415.442134171
2748,125728.253524143
2749,119642.001507051
2750,134720.543637579
2751,130423.038128584
2752,200195.874498965
2753,165664.276771826
2754,276064.721929126
2755,134651.1249431
2756,100686.38316665
2757,74588.1932116644
2758,87916.024740159
2759,132936.448748087
2760,125240.626079984
2761,144211.957354877
2762,141693.539016904
2763,188952.958855442
2764,133786.002235377
2765,261666.815744452
2766,150297.320169364
2767,86136.9315276864
2768,141233.716326833
2769,127805.670460613
2770,138252.753945196
2771,116065.539640109
2772,114003.681641821
2773,172145.618139504
2774,142768.958247958
2775,119273.58103926
2776,129007.599074367
2777,133148.901734999
2778,101273.853633402
2779,131779.592298093
2780,88224.8204514826
2781,95053.1721438254
2782,92086.656265334
2783,103256.33351096
2784,116069.342759773
2785,138268.095800196
2786,66876.4256735537
2787,128258.113747722
2788,76248.6876031343
2789,173453.220169789
2790,92621.0441252903
2791,113104.288947529
2792,81195.3825195031
2793,156189.140155011
2794,99380.8974365836
2795,123690.166736104
2796,96570.4795323744
2797,240812.705018529
2798,102724.667836923
2799,123804.515239095
2800,61262.431613469
2801,102851.403710624
2802,116250.859825162
2803,191692.865044924
2804,134363.660117456
2805,85700.1918655099
2806,83521.7344084886
2807,152332.39889063
2808,142946.785780658
2809,139055.734263366
2810,125745.671530428
2811,155712.990417459
2812,148096.727394461
2813,198623.901508791
2814,190498.817432058
2815,103923.424576701
2816,220955.161882159
2817,148023.780623467
2818,130340.797279056
2819,148959.29181222
2820,134381.294736607
2821,103874.647752966
2822,176242.070578828
2823,326562.61275474
2824,188136.598261109
2825,131153.429190017
2826,139385.315523887
2827,137734.593085904
2828,225610.70369974
2829,211265.04249736
2830,258868.997434706
2831,178540.609845358
2832,239520.166009293
2833,290183.163528579
2834,223581.201116731
2835,217667.075123487
2836,199363.124223243
2837,158084.198622437
2838,163576.064901084
2839,186740.229596042
2840,189857.971689089
2841,199791.947341591
2842,217223.090536166
2843,149254.34470659
2844,174835.103819823
2845,119092.524088056
2846,210424.205359313
2847,190216.870053211
2848,213465.801777323
2849,210087.780371636
2850,261571.623393386
2851,238873.12207738
2852,228498.266916624
2853,223897.522011981
2854,137027.139952773
2855,190130.384407609
2856,204081.22629406
2857,197087.244359598
2858,196726.932903632
2859,129776.285845305
2860,115260.758031906
2861,127932.186817993
2862,203992.153604638
2863,125121.473545033
2864,254799.202901884
2865,138553.212821068
2866,164974.920866112
2867,106129.12641649
2868,107409.174894889
2869,115697.456512682
2870,130875.546121579
2871,66022.1197868164
2872,59609.1161787457
2873,111162.82038504
2874,138393.543494907
2875,117389.957166769
2876,151760.463483553
2877,129856.359271117
2878,163764.241260618
2879,125342.280502622
2880,102561.275025078
2881,160378.735579383
2882,164790.904175032
2883,176179.107178209
2884,193311.391006507
2885,172606.515635767
2886,215809.109256124
2887,100350.577479547
2888,124464.067121311
2889,58909.8293756371
2890,84548.8864627395
2891,145686.181993097
2892,67416.9148817753
2893,104060.853181133
2894,71760.8963470563
2895,284080.126030689
2896,259847.749749435
2897,219777.42606933
2898,176933.883688338
2899,222812.059261992
2900,163035.369734649
2901,220739.675590073
2902,187324.391641686
2903,305920.971013587
2904,308249.254248335
2905,143088.448970819
2906,184382.948113096
2907,109584.280770159
2908,128599.918093682
2909,180295.066857183
2910,84290.0114567376
2911,88564.0927684789
2912,147422.015085152
2913,86731.1703777065
2914,85827.3767533551
2915,96504.4154673078
2916,85148.6804620861
2917,172817.950436642
2918,123082.221489844
2919,219554.98784249
