"Id","SalePrice"
1461,131112.714894252
1462,162508.198489714
1463,186804.157805367
1464,190718.81182865
1465,201407.992748807
1466,175268.619353163
1467,170723.398689497
1468,166783.540606661
1469,180721.730689354
1470,119268.860123111
1471,187812.948745037
1472,97422.6040525432
1473,102130.314003376
1474,146583.89795018
1475,128734.179301449
1476,381906.616860834
1477,282182.428942474
1478,303733.706609907
1479,312030.373189181
1480,424563.5168053
1481,320412.868664295
1482,220945.791233117
1483,198281.515159916
1484,169395.603768752
1485,167464.125120392
1486,196453.415422093
1487,339781.829794719
1488,263136.303864149
1489,206217.382899435
1490,212729.937897769
1491,199769.525485048
1492,84183.2788525527
1493,173452.245730202
1494,292451.785998956
1495,287819.271901418
1496,209824.971822835
1497,189825.860532881
1498,154707.170191571
1499,154546.468978455
1500,152434.18319021
1501,163918.1871324
1502,146624.174756273
1503,271900.700759983
1504,230220.430816028
1505,215403.06542326
1506,199853.276985151
1507,251607.746162883
1508,211303.1696649
1509,164724.837616119
1510,145474.992308083
1511,144241.331818851
1512,174966.220445371
1513,145751.270832575
1514,175540.474171059
1515,211477.786217513
1516,154326.094593671
1517,160472.878954186
1518,149394.300153686
1519,207412.151200289
1520,130831.324280178
1521,138599.406328292
1522,160973.810856299
1523,119948.044822332
1524,132684.763123448
1525,125375.384254698
1526,119449.552346823
1527,108590.242777808
1528,134112.246424113
1529,140971.051435674
1530,169689.186150661
1531,98091.2035305124
1532,95007.5542259352
1533,154812.69707127
1534,129464.593920098
1535,162441.621827994
1536,115841.311801677
1537,84039.7444115266
1538,149700.320302528
1539,196014.21136995
1540,103023.792707929
1541,149378.936726832
1542,152458.725779422
1543,186902.123585571
1544,91421.50720708
1545,117610.984849236
1546,126820.469041885
1547,133548.745761449
1548,142289.986429685
1549,125100.781460142
1550,127703.957626549
1551,103498.403995963
1552,126452.863468036
1553,143470.129105154
1554,117799.164084116
1555,172820.753479394
1556,93386.2077045708
1557,103842.206318016
1558,94384.1837979581
1559,106011.731115289
1560,131050.919818603
1561,148314.488576885
1562,133398.950147807
1563,115373.429262692
1564,149529.020587259
1565,146043.026848539
1566,230238.132402881
1567,71221.4811022542
1568,219600.674714624
1569,151548.245320715
1570,133134.201986148
1571,112777.53569478
1572,144316.944923516
1573,230193.838941046
1574,128028.556987104
1575,195806.995833549
1576,228150.5330478
1577,186094.746212901
1578,135162.038094932
1579,150226.48666583
1580,191045.835650813
1581,153120.443037474
1582,123178.972485681
1583,296761.336159191
1584,228488.250617113
1585,138412.70416169
1586,79037.8657279082
1587,101346.735936663
1588,142950.215345101
1589,97082.2502499583
1590,141241.211932601
1591,100520.26284942
1592,120475.140844232
1593,113922.358219846
1594,165287.102130546
1595,125175.143722294
1596,222914.92721641
1597,199874.690577187
1598,217720.171869561
1599,172437.163249334
1600,177647.377204008
1601,89098.8149133808
1602,108892.840622094
1603,88398.4739281863
1604,247906.766922621
1605,245784.966064692
1606,174907.862763738
1607,228716.008429971
1608,217537.098850753
1609,192424.133277593
1610,163972.276613739
1611,145023.073851187
1612,193777.393593776
1613,181619.158170491
1614,113588.800528788
1615,94330.4462166819
1616,78430.3023857328
1617,96614.2655902785
1618,128044.621699441
1619,141476.406584841
1620,209969.930039419
1621,153863.963833243
1622,136597.324955384
1623,238175.014535499
1624,212335.809777604
1625,124875.943058501
1626,166501.568428329
1627,182328.270300671
1628,262783.193771535
1629,165177.696785094
1630,326568.37627991
1631,220124.844764993
1632,248755.977023103
1633,157232.969761736
1634,182646.628465211
1635,167421.493918947
1636,159126.496093685
1637,198104.748383081
1638,204368.737912018
1639,188970.435248488
1640,257241.474006701
1641,181670.849857233
1642,233244.533044998
1643,235517.577648527
1644,230189.791659221
1645,185520.746208172
1646,152132.89772863
1647,156724.757395378
1648,139584.362550819
1649,141364.003119063
1650,114714.576047534
1651,134446.117843688
1652,100713.713499868
1653,106044.864046589
1654,139698.225640075
1655,139708.580401683
1656,139683.793522728
1657,141112.619196697
1658,141939.871628817
1659,127752.862829812
1660,154805.982965455
1661,416088.55232551
1662,370522.682873758
1663,357480.203159618
1664,403384.02133598
1665,324591.948360311
1666,301934.064161699
1667,357048.058777824
1668,328582.922439409
1669,286134.372918488
1670,334324.09442289
1671,258264.062745656
1672,397146.532937212
1673,315321.664715954
1674,274010.374151132
1675,201539.467384743
1676,199899.967934495
1677,212349.831759217
1678,394098.70758416
1679,350588.213910186
1680,327244.856157767
1681,266121.672247204
1682,288070.483153584
1683,203092.007222094
1684,181873.147175351
1685,175376.514912497
1686,174938.117052983
1687,163433.02283498
1688,191260.903566018
1689,191350.359124078
1690,181596.591924786
1691,168725.02050597
1692,242613.379035071
1693,162495.609105296
1694,170702.059208347
1695,158124.60091399
1696,268259.626248632
1697,164457.111357335
1698,341441.132047938
1699,305868.437900354
1700,240503.345981262
1701,268873.932000664
1702,279565.341773621
1703,263816.645105463
1704,273667.60843555
1705,220145.727692482
1706,382630.751112878
1707,216822.961671278
1708,210316.724229864
1709,275200.856416694
1710,227857.734550171
1711,247508.934603734
1712,275475.303280007
1713,268566.9180457
1714,223577.043898426
1715,208673.960282732
1716,190204.922930483
1717,170708.921163637
1718,150010.644410297
1719,206003.829004163
1720,244930.906317576
1721,178546.904513067
1722,150641.724412393
1723,167804.117068822
1724,229242.891154249
1725,224554.00027341
1726,191289.210759885
1727,173957.845817347
1728,180143.035905335
1729,169894.104845423
1730,153719.227136416
1731,121338.006773438
1732,124258.432458517
1733,114266.352896065
1734,116675.608809259
1735,130166.746702058
1736,119138.346428553
1737,297838.323195465
1738,230945.404232814
1739,293703.267920011
1740,239965.308735181
1741,188372.784297926
1742,165810.01651752
1743,165264.095939228
1744,280903.413980162
1745,230571.747343398
1746,213557.118429072
1747,212268.266223462
1748,240625.23701813
1749,151862.247543545
1750,140081.912085489
1751,234266.491698324
1752,119658.718901182
1753,164192.697016854
1754,193360.716737487
1755,166327.682881022
1756,120832.466436344
1757,122625.489081391
1758,146847.584797973
1759,160172.502796537
1760,167204.883608956
1761,141831.996006513
1762,183665.971913065
1763,170801.606428574
1764,118546.067646754
1765,191707.003027522
1766,168067.699063326
1767,208235.579620863
1768,143014.685819063
1769,164945.318748586
1770,139885.471555877
1771,126658.577466448
1772,149324.930416397
1773,126876.86253568
1774,159844.319760519
1775,137713.891583431
1776,121318.144810423
1777,106311.768582398
1778,135420.117695648
1779,111541.355970854
1780,170618.255975498
1781,137121.635760879
1782,103400.354119432
1783,162202.663053648
1784,100288.769561123
1785,127500.915454857
1786,118560.320459661
1787,165708.555731398
1788,73175.2961173637
1789,100906.308302175
1790,81710.8434479283
1791,213186.769798689
1792,168101.470752678
1793,134821.635386059
1794,143142.695483141
1795,137905.952892416
1796,119733.56386853
1797,113571.157707978
1798,128253.391405955
1799,113751.867326406
1800,124056.22171502
1801,145946.60158192
1802,129559.824964352
1803,160885.263708355
1804,137776.345256075
1805,134392.968268354
1806,128313.925956249
1807,112187.024785032
1808,126791.321018242
1809,122784.998191622
1810,129869.095182317
1811,102554.855598126
1812,95816.8010151072
1813,126054.973362018
1814,88397.5425099081
1815,67164.497833423
1816,95642.5038858398
1817,118290.93700401
1818,158499.289348846
1819,132646.447299745
1820,60671.7239162975
1821,101986.45401947
1822,155255.210054759
1823,50582.309422048
1824,125557.262928866
1825,137429.142744316
1826,103438.266619344
1827,107381.343687049
1828,138302.137755811
1829,124199.014370034
1830,142823.015832416
1831,158802.364788431
1832,103892.367274763
1833,137619.012996423
1834,130114.848924718
1835,121942.140810315
1836,138562.123937413
1837,89094.1658236149
1838,127240.313385239
1839,97959.6999680628
1840,138836.970279991
1841,128730.376600098
1842,87228.6365960612
1843,138026.395551873
1844,127623.021926201
1845,141299.540904149
1846,147962.365204658
1847,178573.297019678
1848,79586.410661216
1849,117500.482775644
1850,121148.199958834
1851,152289.890304057
1852,122824.733899495
1853,129408.227440481
1854,172670.411052764
1855,167059.21040419
1856,211091.208169482
1857,165733.702199392
1858,149444.200396093
1859,115505.106675624
1860,140138.097142918
1861,114584.204607594
1862,258144.134039461
1863,252565.483498455
1864,252618.418074949
1865,319699.411649847
1866,309003.422086941
1867,244971.779469411
1868,259126.576797113
1869,190917.281489527
1870,220533.649868425
1871,244566.770273586
1872,176618.481312802
1873,234334.668829285
1874,150413.210464832
1875,202549.799693196
1876,189766.922514444
1877,204285.5536658
1878,204613.265901013
1879,131711.444991949
1880,132809.869474172
1881,252177.504671207
1882,253200.78356297
1883,200825.871355464
1884,218115.827573146
1885,226927.004739732
1886,255083.951336488
1887,189747.697167194
1888,253029.156880547
1889,173368.727400796
1890,129778.846808351
1891,139561.583821865
1892,101545.936787734
1893,132341.423541425
1894,150336.819104151
1895,143339.708375254
1896,117835.262776109
1897,101161.04361922
1898,122937.193301276
1899,149462.843673721
1900,146458.330191311
1901,163363.582671637
1902,156016.678576791
1903,192212.003599489
1904,145280.136603107
1905,195925.09704576
1906,179245.820717846
1907,204585.859781989
1908,120406.300091945
1909,132822.92328185
1910,128895.835068694
1911,210438.299567759
1912,303324.857791166
1913,145310.042755314
1914,78247.3655233202
1915,278134.327070978
1916,82226.6167102618
1917,250511.049774764
1918,135688.756845517
1919,162124.484095151
1920,192531.917037481
1921,352983.4273219
1922,307899.125009553
1923,216304.53851294
1924,211820.619353741
1925,216060.174695317
1926,340768.091490962
1927,142099.338315729
1928,160648.102550237
1929,124906.668681767
1930,136721.897000114
1931,144075.316361294
1932,151061.508620427
1933,182727.648709872
1934,179863.680532543
1935,162922.148457513
1936,181521.084976389
1937,185655.360395183
1938,181358.054850828
1939,249517.935581398
1940,201503.778914597
1941,178279.126183772
1942,185528.457205115
1943,203990.208516821
1944,331227.92772714
1945,336840.347984743
1946,185105.143581717
1947,297089.438898938
1948,202310.478137068
1949,237761.295452252
1950,184729.041234558
1951,248766.718254808
1952,224623.152563393
1953,159590.01330579
1954,201361.231290924
1955,147676.783465103
1956,304043.938039702
1957,171291.663677838
1958,284871.833292896
1959,148858.988857099
1960,123743.568197671
1961,121663.93564144
1962,100713.713499868
1963,107349.822458166
1964,112034.646549111
1965,142705.848361243
1966,147381.392701274
1967,285358.633571194
1968,370702.892026255
1969,345185.356128856
1970,388521.755539134
1971,386624.204121976
1972,346300.49161326
1973,279815.784882231
1974,306046.546782279
1975,384018.393492754
1976,263042.86643766
1977,347244.064405907
1978,359712.917473758
1979,348761.079156429
1980,214628.529736078
1981,344186.203545374
1982,219845.593958569
1983,219845.593958569
1984,179214.119841308
1985,211241.680029749
1986,216662.707866079
1987,178707.709209057
1988,178540.720671299
1989,192248.187045414
1990,209735.62389636
1991,216480.418287033
1992,206002.74840936
1993,172873.82267209
1994,234572.969893123
1995,184332.323315669
1996,253905.97095977
1997,325268.673758946
1998,313969.552843752
1999,243577.605086436
2000,310679.979519493
2001,260704.441435375
2002,242586.175762643
2003,286693.337993006
2004,262290.405260397
2005,227860.541673013
2006,226069.78505094
2007,263030.04561251
2008,189773.104317354
2009,194340.930696399
2010,200761.826368073
2011,159888.852472213
2012,175385.337071951
2013,179007.889906147
2014,183099.412966149
2015,195910.918582528
2016,192557.709175809
2017,189786.61051208
2018,122120.50660053
2019,130649.93944551
2020,107986.277341473
2021,102254.527248235
2022,190172.488362716
2023,149101.258748967
2024,252954.097062436
2025,349475.245313865
2026,184597.584876031
2027,149705.875342972
2028,162798.529501732
2029,160958.550549906
2030,255970.340811947
2031,215539.355709138
2032,240721.868086419
2033,246943.275083187
2034,160204.811359916
2035,210494.29255009
2036,187458.972713127
2037,188496.783165129
2038,273452.254295549
2039,203988.094231146
2040,309630.69229883
2041,277022.560553757
2042,211169.509337628
2043,173437.634322708
2044,186693.236271822
2045,206209.867407083
2046,162917.92895959
2047,152396.656423425
2048,141223.459191772
2049,175437.542225196
2050,181227.147078934
2051,103472.203644764
2052,123717.40975891
2053,150301.196511281
2054,107933.620638919
2055,162237.918234204
2056,136188.487370167
2057,119305.659044476
2058,220944.483748706
2059,124146.048188175
2060,169761.274099101
2061,171179.107689302
2062,129564.850702607
2063,120372.026677645
2064,140443.793880809
2065,113567.010443879
2066,167450.932515015
2067,123165.016933099
2068,168574.938093569
2069,86400.4018564632
2070,110342.336173848
2071,94385.1936866915
2072,141526.889287839
2073,133277.965557974
2074,176525.78277696
2075,146515.124539029
2076,117499.250604963
2077,146177.888688429
2078,124450.286685989
2079,134133.107569548
2080,128940.007313192
2081,125007.175176932
2082,148623.912573969
2083,143636.73148083
2084,120111.777227809
2085,127697.179031963
2086,120212.125042914
2087,139699.629235121
2088,102990.394135086
2089,78388.7287321326
2090,136208.065095026
2091,115502.434390281
2092,134408.491309897
2093,122776.038717555
2094,110400.333920479
2095,140192.353348077
2096,77393.3381544952
2097,97586.4376741774
2098,147132.5177875
2099,71522.5688205782
2100,124416.982209938
2101,120079.846040798
2102,126025.344018181
2103,100012.886955624
2104,156374.72280689
2105,123389.800154421
2106,104510.69088939
2107,205959.382813548
2108,123339.535003401
2109,122779.817847345
2110,128173.177662472
2111,149662.06451323
2112,138031.390328173
2113,131121.634473554
2114,124684.50998615
2115,159437.457460465
2116,114798.210071526
2117,159991.920556117
2118,119745.642025182
2119,122606.066819173
2120,122733.840212097
2121,97065.3313208542
2122,116622.294502447
2123,87125.2728665538
2124,159635.766248445
2125,138605.112455707
2126,151432.707256979
2127,167088.445545507
2128,122759.274402085
2129,103837.544742566
2130,137694.045277839
2131,132618.90005697
2132,120789.465851974
2133,122068.965360145
2134,112923.495297699
2135,92360.1074280357
2136,83458.7756161028
2137,114725.895194358
2138,135098.155873377
2139,153646.185041815
2140,137313.896084351
2141,136071.616929958
2142,129823.902787231
2143,145982.660216952
2144,110020.428495342
2145,136053.546269505
2146,151220.255524709
2147,145201.834094209
2148,137856.401123042
2149,152597.055645699
2150,206819.749899237
2151,108896.936295516
2152,173295.680832383
2153,161905.262796395
2154,95432.8269844827
2155,143129.043151762
2156,263346.636046198
2157,208528.679590064
2158,222547.993035917
2159,203714.464180088
2160,175759.18923887
2161,256188.811431502
2162,359563.357323714
2163,327417.147701674
2164,238026.11686714
2165,177347.825222
2166,153105.57088475
2167,192899.608049634
2168,201031.68906194
2169,193082.51257401
2170,215470.6651753
2171,145501.114399402
2172,136510.001823966
2173,168630.978830462
2174,245093.360587927
2175,272893.775145386
2176,276624.356420757
2177,251302.857532779
2178,215505.319482849
2179,138086.42891142
2180,227265.684182788
2181,201237.757275367
2182,244381.175174857
2183,200218.542698347
2184,119909.124648136
2185,119929.520946212
2186,144566.854495072
2187,153770.634846103
2188,160593.312377477
2189,283645.385280553
2190,70328.9243585104
2191,77778.8346845264
2192,83672.623457173
2193,118260.310392833
2194,101598.538469798
2195,104919.775359555
2196,110629.115102575
2197,117569.622031069
2198,137665.05314727
2199,148743.116583065
2200,145190.170553579
2201,149231.241964096
2202,180171.233440703
2203,147436.378486598
2204,183186.435876193
2205,132546.3814944
2206,129285.409457888
2207,184423.285057944
2208,224328.129355093
2209,218174.619182879
2210,120791.983805587
2211,111117.337606922
2212,121385.214789669
2213,114049.590672484
2214,144120.864722164
2215,104362.253138164
2216,158805.084925913
2217,93969.6306901638
2218,94722.6463553031
2219,87226.2724877998
2220,98905.4771692323
2221,280241.529680936
2222,245507.769240947
2223,298349.831276084
2224,219165.118833998
2225,122795.062649882
2226,195939.234861168
2227,187758.596666175
2228,255364.296759863
2229,235788.332813958
2230,162823.410312544
2231,217200.6958197
2232,190570.68066629
2233,185068.231328031
2234,216380.565013821
2235,216601.69098783
2236,258376.810003086
2237,301342.807185433
2238,178611.495919611
2239,139422.666193568
2240,157907.006908876
2241,158023.396804639
2242,129813.77201514
2243,126726.920953086
2244,108538.10399693
2245,99315.2938624526
2246,152416.667034239
2247,110192.771877369
2248,126171.788127185
2249,125740.43994511
2250,137363.784874553
2251,190968.153386015
2252,181168.535682501
2253,151006.403192541
2254,164135.515420431
2255,179648.789678672
2256,176310.260139103
2257,226011.590737822
2258,165096.227109814
2259,173861.888475037
2260,156082.870656187
2261,184840.560976944
2262,206243.359163403
2263,341165.326759267
2264,425428.32624771
2265,211977.245476647
2266,276987.536725692
2267,328715.545045757
2268,351510.858439849
2269,158140.429053718
2270,192645.793670018
2271,208776.003278021
2272,192346.335239147
2273,167111.727099174
2274,170156.235695479
2275,178470.001934438
2276,179484.130362276
2277,187219.184020833
2278,154552.061032614
2279,137890.708595547
2280,134560.940527429
2281,180228.142436582
2282,189888.241197501
2283,111445.234949207
2284,122261.934257902
2285,149597.402147813
2286,127421.216575751
2287,339706.430952612
2288,294960.103943526
2289,348934.117006191
2290,420015.208925844
2291,325003.897221663
2292,351395.630830037
2293,424471.945305739
2294,383408.688327307
2295,400199.522111876
2296,315144.685386486
2297,296762.824107277
2298,332908.81460677
2299,385067.778678682
2300,311292.118285978
2301,274706.543226338
2302,257956.64381361
2303,258763.344078064
2304,287289.34849237
2305,204211.868509446
2306,199678.465144789
2307,200425.303528943
2308,241348.357704829
2309,279251.957554702
2310,222565.854428945
2311,202737.567525816
2312,204128.521834831
2313,181566.909017027
2314,181363.996620939
2315,176374.405922776
2316,190669.325234368
2317,186244.537533419
2318,177699.764337127
2319,176211.101133787
2320,189499.875757367
2321,229075.553203968
2322,181903.40512844
2323,178492.77146599
2324,158693.372471342
2325,219790.989912245
2326,165900.344038921
2327,207550.576397341
2328,210916.185596052
2329,185799.233366144
2330,184791.454595158
2331,345119.077637066
2332,358259.000699098
2333,316652.987110128
2334,268912.978615328
2335,257098.011915458
2336,311796.417731757
2337,219470.791914315
2338,270643.146352312
2339,225908.214097265
2340,353689.924694037
2341,237380.479351287
2342,229491.026238563
2343,219111.253472321
2344,232373.000159115
2345,268557.983838069
2346,222791.845898724
2347,207827.248708644
2348,233997.575701464
2349,208786.729525203
2350,279492.93507578
2351,275906.116601947
2352,270806.556445521
2353,276823.833475375
2354,147894.909740448
2355,154029.963807583
2356,167810.106015241
2357,202594.30637357
2358,195961.668583864
2359,123062.479297755
2360,118430.19713367
2361,142044.978670466
2362,274677.115039747
2363,133714.177137728
2364,157039.94131616
2365,212416.327405286
2366,192685.662092569
2367,233873.236963891
2368,199420.657727135
2369,239181.813618013
2370,158769.293712724
2371,167664.258282992
2372,198349.131875002
2373,248415.965630178
2374,287570.063631553
2375,224504.621850239
2376,272912.354229714
2377,314112.698521931
2378,139145.191486153
2379,209537.380539322
2380,144767.364362776
2381,159130.68457714
2382,192226.615116518
2383,211702.064611658
2384,232767.874283398
2385,150801.836744408
2386,130892.186356146
2387,137089.385786184
2388,97049.1439620266
2389,122373.179022742
2390,134503.466215041
2391,137868.964560215
2392,125409.160286087
2393,152550.477794103
2394,137693.165366212
2395,204663.701480877
2396,147265.631846609
2397,216334.653004622
2398,130348.921110762
2399,75657.6764899792
2400,78118.5755901232
2401,118755.788383977
2402,134138.644342444
2403,169064.725034169
2404,143649.449638655
2405,153657.916845931
2406,137858.243072905
2407,125446.672470697
2408,146579.582861176
2409,133143.787127804
2410,172953.190412548
2411,116909.30285323
2412,148291.998231324
2413,135123.313701215
2414,153894.198414421
2415,144037.592304696
2416,128535.17617134
2417,135698.67533008
2418,129820.059465949
2419,128622.25989857
2420,115218.205997839
2421,151226.105112705
2422,120955.692851304
2423,128623.448907992
2424,147689.153798035
2425,260247.863165192
2426,132790.789089122
2427,129922.629017479
2428,163715.959031991
2429,116838.360387298
2430,129917.979859551
2431,114477.16687594
2432,139531.067876852
2433,137034.610947679
2434,132982.779197528
2435,148725.449460989
2436,104458.143631141
2437,111603.398673701
2438,119250.722793017
2439,113477.697152227
2440,121799.385003495
2441,85665.3231925508
2442,94782.2297669095
2443,111067.025794222
2444,121935.945046066
2445,81001.3015699927
2446,132250.93268597
2447,180793.14195158
2448,129939.583795119
2449,115528.276050658
2450,141956.571798879
2451,129315.417359747
2452,179890.321062497
2453,97257.0071954681
2454,131320.977143849
2455,113849.886199452
2456,141407.399077801
2457,132597.013837668
2458,128070.258488781
2459,118906.437293651
2460,132965.373474102
2461,125260.145648216
2462,139334.003710575
2463,125455.683988842
2464,181613.773571153
2465,141947.615407673
2466,113475.727411601
2467,129812.485622883
2468,71064.1406723228
2469,79910.7871160686
2470,207190.28038932
2471,197121.006170325
2472,163495.872207382
2473,115602.396504148
2474,98532.7246205014
2475,197903.40684149
2476,111740.636284902
2477,123089.498282158
2478,168776.49134534
2479,117666.423199058
2480,158399.772267612
2481,120536.794751459
2482,127760.189453581
2483,115809.881538672
2484,122265.093178604
2485,128520.182122191
2486,156530.822908376
2487,195349.702484983
2488,135313.12329942
2489,148663.163228761
2490,148497.100175986
2491,99783.9728077663
2492,179458.512005885
2493,152092.19139204
2494,161865.909674694
2495,110073.652014875
2496,246249.465311634
2497,151478.255778833
2498,112391.691389674
2499,86026.3534960705
2500,131291.902428016
2501,137698.320253499
2502,134901.494333726
2503,92447.3351558375
2504,201870.65889162
2505,203274.157214182
2506,269706.419038141
2507,331540.001809799
2508,271279.724093292
2509,234210.99075899
2510,224981.87925777
2511,183542.343201016
2512,209368.36785553
2513,202403.969419053
2514,225314.472148453
2515,158618.194470659
2516,172313.071639444
2517,147127.678010075
2518,155696.269132337
2519,215860.234958762
2520,201279.310968502
2521,196993.393615369
2522,207134.743750326
2523,117805.706114035
2524,135960.62902647
2525,152050.810653167
2526,140133.58816849
2527,120976.913960125
2528,126921.590663645
2529,136836.463461281
2530,123524.244783259
2531,223856.70548172
2532,219418.270491428
2533,199336.848804217
2534,219812.345911162
2535,286454.406176426
2536,225245.162273052
2537,213645.258277709
2538,185052.693860624
2539,179720.376365076
2540,187756.439537318
2541,183366.195158147
2542,177200.07575599
2543,118811.949259777
2544,127064.283523838
2545,130351.283838255
2546,142753.778815116
2547,135265.804435755
2548,158277.210185389
2549,166353.405320339
2550,332184.199461672
2551,140545.665595881
2552,132166.86089499
2553,70684.0180543532
2554,97488.5323371352
2555,107421.265587224
2556,97761.157429556
2557,96393.1009828104
2558,150741.096675702
2559,143416.182590114
2560,144814.048422297
2561,139833.291513275
2562,134720.496904014
2563,153563.570235667
2564,184640.590288605
2565,129745.422754393
2566,164490.807829506
2567,135436.736683946
2568,196899.538272177
2569,203670.836132323
2570,121369.00568656
2571,238196.520463113
2572,160132.411184688
2573,225180.646095252
2574,262760.22738499
2575,137992.04812998
2576,140842.876640165
2577,160939.030609326
2578,96713.4153053371
2579,88217.673128094
2580,134370.999138607
2581,128673.528207446
2582,117561.956932702
2583,254874.493229439
2584,165512.711734692
2585,205374.63511945
2586,209769.46132326
2587,190175.205937866
2588,142498.143786295
2589,142213.219501078
2590,195998.546433173
2591,207241.806953471
2592,231370.112356271
2593,251791.797590595
2594,184793.243746341
2595,197799.205487452
2596,289611.82195314
2597,194482.401117904
2598,277688.558394678
2599,333037.212892035
2600,191918.896150864
2601,144204.652691979
2602,83420.3244246574
2603,93836.7706689504
2604,89810.7510730369
2605,83767.6661808847
2606,142433.449703645
2607,180494.286535669
2608,219035.241565825
2609,161579.585835182
2610,115506.462029304
2611,161362.380740306
2612,155699.146085347
2613,132551.697896809
2614,129332.474138056
2615,140963.53750627
2616,133342.304975854
2617,193686.590529927
2618,221074.694944168
2619,208313.674827111
2620,171661.869727207
2621,181154.988975268
2622,184446.228922244
2623,246208.928743749
2624,305193.515854678
2625,323870.445287614
2626,161252.640811283
2627,181662.17079649
2628,382522.777878033
2629,433451.662376081
2630,316922.294155669
2631,403323.30951573
2632,389377.941965785
2633,267888.673549931
2634,356475.561875149
2635,156172.90557891
2636,188347.039068099
2637,156688.194506953
2638,252299.610553064
2639,196536.844183294
2640,149619.692885132
2641,108218.054908257
2642,201860.895573994
2643,111521.640697351
2644,129533.295686021
2645,112989.830729129
2646,98994.4944872894
2647,104688.930773201
2648,138355.760063562
2649,149810.14369468
2650,148206.534457479
2651,139315.416197589
2652,393688.20215213
2653,284099.129232557
2654,289501.392657667
2655,346740.821512135
2656,323432.332515122
2657,327397.195834967
2658,298758.113835054
2659,301519.893473065
2660,353474.821752214
2661,335267.907108762
2662,329747.929673927
2663,289700.463480856
2664,274530.478658426
2665,318529.789229305
2666,282194.090376436
2667,174627.455139905
2668,184462.532653393
2669,191506.97437149
2670,275207.182301801
2671,182838.859465764
2672,187597.976112917
2673,193931.18213628
2674,193663.688649229
2675,170583.348713481
2676,190484.985213092
2677,197129.050289726
2678,273876.72278207
2679,264579.748430404
2680,282937.450397499
2681,362246.613812382
2682,314672.34454902
2683,427999.017738194
2684,302259.240165483
2685,321186.640137124
2686,266146.85563631
2687,292175.316179601
2688,236768.974473563
2689,215864.95570651
2690,407881.947164029
2691,208704.122179666
2692,149652.566293255
2693,209272.877388106
2694,157301.435620774
2695,197259.073737681
2696,185969.909413626
2697,198535.116444843
2698,175353.942925283
2699,180099.186462802
2700,162071.012120732
2701,158551.891416568
2702,117686.163040639
2703,140380.709879212
2704,143891.9634821
2705,121823.873592474
2706,119362.808011263
2707,124333.480118344
2708,134496.55089484
2709,107440.053923893
2710,124685.16725344
2711,263120.360906768
2712,327334.514273132
2713,180064.980865203
2714,152476.375054938
2715,166398.78679599
2716,149236.889660872
2717,190497.636482213
2718,233572.118371138
2719,154339.908377791
2720,162973.912003265
2721,134252.784974616
2722,163724.752888653
2723,146105.408886712
2724,127179.401788369
2725,129642.232436897
2726,157675.465154845
2727,168527.232947152
2728,154275.370139928
2729,149969.013450534
2730,151796.706643386
2731,111037.958036586
2732,127610.146267198
2733,157121.105334227
2734,162145.664547862
2735,125302.191784545
2736,148637.644582696
2737,121198.090671764
2738,155141.777870052
2739,158518.907544419
2740,141214.752731218
2741,140801.821793329
2742,147344.71962994
2743,149553.237357436
2744,144295.043328389
2745,133794.707489054
2746,135942.428079911
2747,138887.912178542
2748,134454.108512356
2749,124515.959789109
2750,136303.445532997
2751,128680.394045995
2752,190509.848824693
2753,164442.927593344
2754,259243.016231936
2755,136191.030769132
2756,105534.054711014
2757,80061.9339170019
2758,83084.0638209651
2759,132290.987648643
2760,114847.819670312
2761,143671.198026213
2762,142616.699644886
2763,185583.914163921
2764,136614.761852032
2765,263818.391192424
2766,147538.285815861
2767,84855.2445170018
2768,137363.589672563
2769,121949.622962435
2770,143313.535386743
2771,117827.146132016
2772,117206.119651956
2773,167792.406290952
2774,147305.225487956
2775,118926.244829951
2776,130713.076191431
2777,133222.68872973
2778,106339.878548286
2779,128700.461095545
2780,85985.2645138674
2781,97479.2715486547
2782,93033.6688876239
2783,105075.402548344
2784,124264.351043557
2785,133044.374255198
2786,73851.4230961375
2787,127539.915994091
2788,77638.5527352148
2789,177338.237960586
2790,88300.2892655963
2791,119302.633049073
2792,77319.8028329242
2793,160408.243515648
2794,102984.656503166
2795,129653.414832195
2796,102912.247204653
2797,240866.45037383
2798,103077.750503494
2799,125679.357978357
2800,68171.9297184853
2801,104629.532924946
2802,121918.180588563
2803,187708.567483938
2804,134281.368959118
2805,91632.0454061247
2806,90431.2222425602
2807,160262.513821799
2808,140717.384458344
2809,140774.242721233
2810,127084.450585333
2811,148884.697579451
2812,149967.690309653
2813,195185.507595958
2814,192077.908843184
2815,97450.0121549466
2816,230572.229034128
2817,144939.72269757
2818,136026.766649638
2819,147826.909624133
2820,126254.693263158
2821,92006.0643703178
2822,179350.632489876
2823,324925.52941407
2824,176514.698682833
2825,130147.568337972
2826,137940.175363135
2827,137416.959011232
2828,231328.817937933
2829,197330.098824863
2830,259179.203403786
2831,175580.594352224
2832,248968.975498478
2833,276691.836926346
2834,220228.0086796
2835,219116.755059382
2836,197198.943849522
2837,157872.945691494
2838,160468.136114736
2839,179166.621518101
2840,192182.066207018
2841,198162.812361493
2842,213063.691313848
2843,149979.412817828
2844,171209.668544024
2845,121810.385062229
2846,205799.148998225
2847,189354.47618821
2848,205121.218985644
2849,210994.39022388
2850,259758.561686288
2851,238383.463284169
2852,223821.059668369
2853,220362.632588235
2854,138412.70416169
2855,193185.255416183
2856,204755.931721104
2857,195180.369350795
2858,194687.557118835
2859,127267.678460786
2860,111316.998159258
2861,130206.677705961
2862,199192.161968357
2863,132618.647496441
2864,246639.315687481
2865,141289.455501149
2866,171256.809277974
2867,104367.594767112
2868,97371.6998457271
2869,111384.384701397
2870,131446.209536178
2871,65486.0089643127
2872,63179.8659476163
2873,107667.770972474
2874,135275.445413115
2875,117371.842025591
2876,148709.831859819
2877,132349.882773158
2878,162364.07131229
2879,129484.068030621
2880,101887.891586379
2881,157301.312199059
2882,164534.430852241
2883,175898.269372711
2884,190695.7083896
2885,177504.027871686
2886,221971.286556259
2887,100886.709187958
2888,131485.825324032
2889,62123.6157270563
2890,84944.9687696406
2891,149083.517148008
2892,74004.995768331
2893,104458.149705724
2894,77648.6552059931
2895,277394.901943479
2896,247953.89401528
2897,220052.834387137
2898,185073.21787266
2899,213805.057146115
2900,162317.450196406
2901,224664.848690314
2902,191594.923072528
2903,302651.050822243
2904,328912.212504832
2905,142133.557543702
2906,177529.717035226
2907,108593.574724437
2908,128978.526316545
2909,186429.141790394
2910,83628.8354502332
2911,83398.4421376623
2912,149248.154000963
2913,84031.2956873138
2914,84105.3811206018
2915,94845.1323321757
2916,84264.241659674
2917,163283.132282609
2918,130592.120413563
2919,218477.90309004
